0.000000 0.000000 0.906578 0.000000
0.010000 0.000000 1.000000 0.000000
0.020000 0.000000 1.000000 0.000000
0.030000 0.000000 1.000000 0.000000
0.040000 0.000000 1.000000 0.000000
0.050000 0.000000 1.000000 0.000000
0.060000 0.000000 1.000000 0.000000
0.070000 0.000000 1.000000 0.000000
0.080000 0.000000 1.000000 0.000000
0.090000 0.000000 1.000000 0.000000
0.100000 0.000000 1.000000 0.000000
0.110000 0.000000 1.000000 0.000000
0.120000 0.000000 1.000000 0.000000
0.130000 0.000000 1.000000 0.000000
0.140000 0.000000 1.000000 0.000000
0.150000 0.000000 1.000000 0.000000
0.160000 0.000000 1.000000 0.000000
0.170000 0.000000 1.000000 0.000000
0.180000 0.000000 1.000000 0.000000
0.190000 0.000000 1.000000 0.000000
0.200000 0.000000 1.000000 0.000000
0.210000 0.000000 1.000000 0.000000
0.220000 0.000000 1.000000 0.000000
0.230000 0.000000 1.000000 0.000000
0.240000 0.000000 1.000000 0.000000
0.250000 0.000000 1.000000 0.000000
0.260000 0.000000 1.000000 0.000000
0.270000 0.000000 1.000000 0.000000
0.280000 0.000000 1.000000 0.000000
0.290000 0.000000 1.000000 0.000000
0.300000 0.000000 1.000000 0.000000
0.310000 0.000000 1.000000 0.000000
0.320000 0.000000 1.000000 0.000000
0.330000 0.000000 1.000000 0.000000
0.340000 0.000000 1.000000 0.000000
0.350000 0.000000 1.000000 0.000000
0.360000 0.000000 1.000000 0.000000
0.370000 0.000000 0.999940 0.000022
0.380000 0.000019 0.996298 0.001397
0.390000 0.000231 0.962413 0.014567
0.400000 0.000725 0.901120 0.039286
0.410000 0.001196 0.861966 0.056110
0.420000 0.001785 0.826375 0.072175
0.430000 0.002483 0.795241 0.086989
0.440000 0.003415 0.764371 0.102200
0.450000 0.004626 0.733716 0.117752
0.460000 0.006165 0.704111 0.133243
0.470000 0.008230 0.672713 0.150009
0.480000 0.010957 0.641013 0.167070
0.490000 0.014925 0.606516 0.185474
0.500000 0.020709 0.568940 0.205199
0.510000 0.029524 0.526846 0.226261
0.520000 0.046917 0.474164 0.248989
0.530000 0.983984 0.004872 0.005798
0.540000 1.000000 0.000000 0.000000
0.550000 1.000000 0.000000 0.000000
0.560000 1.000000 0.000000 0.000000
0.570000 1.000000 0.000000 0.000000
0.580000 1.000000 0.000000 0.000000
0.590000 1.000000 0.000000 0.000000
0.600000 1.000000 0.000000 0.000000
0.610000 1.000000 0.000000 0.000000
0.620000 1.000000 0.000000 0.000000
0.630000 1.000000 0.000000 0.000000
0.640000 1.000000 0.000000 0.000000
0.650000 1.000000 0.000000 0.000000
0.660000 1.000000 0.000000 0.000000
0.670000 1.000000 0.000000 0.000000
0.680000 1.000000 0.000000 0.000000
0.690000 1.000000 0.000000 0.000000
0.700000 1.000000 0.000000 0.000000
0.710000 1.000000 0.000000 0.000000
0.720000 1.000000 0.000000 0.000000
0.730000 1.000000 0.000000 0.000000
0.740000 1.000000 0.000000 0.000000
0.750000 1.000000 0.000000 0.000000
0.760000 1.000000 0.000000 0.000000
0.770000 1.000000 0.000000 0.000000
0.780000 1.000000 0.000000 0.000000
0.790000 1.000000 0.000000 0.000000
0.800000 1.000000 0.000000 0.000000
0.810000 1.000000 0.000000 0.000000
0.820000 1.000000 0.000000 0.000000
0.830000 1.000000 0.000000 0.000000
0.839999 1.000000 0.000000 0.000000
0.849999 1.000000 0.000000 0.000000
0.859999 1.000000 0.000000 0.000000
0.869999 1.000000 0.000000 0.000000
0.879999 1.000000 0.000000 0.000000
0.889999 1.000000 0.000000 0.000000
0.899999 1.000000 0.000000 0.000000
0.909999 1.000000 0.000000 0.000000
0.919999 1.000000 0.000000 0.000000
0.929999 1.000000 0.000000 0.000000
0.939999 1.000000 0.000000 0.000000
0.949999 1.000000 0.000000 0.000000
0.959999 1.000000 0.000000 0.000000
0.969999 1.000000 0.000000 0.000000
0.979999 1.000000 0.000000 0.000000
0.989999 1.000000 0.000000 0.000000
0.999999 1.000000 0.000000 0.000000
